%YAML:1.0
---
camera_matrix: !!opencv-matrix
   rows: 3
   cols: 3
   dt: d
   data: [ 719.86706030869755, 0., 526.22272318716523, 0.,
       730.99963687458001, 284.78400690401344, 0., 0., 1. ]
distortion_coefficients: !!opencv-matrix
   rows: 1
   cols: 5
   dt: d
   data: [ 0.026427956160552536, -0.15635268412846298,
       0.00049521052572858691, 0.00015444241848949438,
       0.20868712212290397 ]
reprojection_error: 0.23939671971778217
